0 0.105392 0.375000 0.122549 0.225490
0 0.148693 0.284314 0.071895 0.235294
0 0.243464 0.212010 0.120915 0.276961
0 0.299837 0.264706 0.125817 0.274510
0 0.192810 0.488971 0.133987 0.203431
0 0.337418 0.356618 0.129085 0.242647
0 0.692810 0.333333 0.196078 0.191176
0 0.749183 0.267157 0.191176 0.240196
0 0.830065 0.234069 0.192810 0.311275
0 0.388072 0.718137 0.102941 0.240196
0 0.478758 0.705882 0.101307 0.264706
0 0.523693 0.773284 0.161765 0.198529
0 0.764706 0.545343 0.068627 0.252451
0 0.830882 0.520833 0.070261 0.281863
0 0.902778 0.529412 0.086601 0.289216
